0 0.470156 0.083553 0.003437 0.006937
0 0.483039 0.087360 0.003125 0.008799
0 0.494320 0.087377 0.002031 0.007107
0 0.512914 0.096176 0.001719 0.005076
0 0.527992 0.085770 0.003437 0.005584
0 0.513656 0.105059 0.003047 0.005922
0 0.523031 0.107936 0.002266 0.004569
0 0.528105 0.109442 0.002117 0.005753
0 0.533574 0.111472 0.002430 0.006430
0 0.542754 0.095981 0.002305 0.004958
0 0.546082 0.093486 0.002414 0.004738
0 0.551180 0.119535 0.002719 0.006582
0 0.558289 0.129213 0.003141 0.006887
0 0.560902 0.122707 0.002086 0.003858
0 0.563777 0.127800 0.002617 0.007242
0 0.570684 0.141049 0.002195 0.011100
0 0.566238 0.148638 0.003133 0.007259
0 0.560695 0.146599 0.004188 0.005888
0 0.540508 0.134146 0.002297 0.004535
0 0.545129 0.148418 0.003180 0.006785
0 0.546262 0.170152 0.004602 0.005888
0 0.550395 0.186125 0.002195 0.008832
0 0.559230 0.166963 0.001258 0.008545
0 0.568227 0.158942 0.002094 0.005668
0 0.575965 0.154306 0.003352 0.006345
0 0.579000 0.145465 0.002719 0.009509
0 0.580562 0.157589 0.002094 0.008376
0 0.585008 0.150110 0.003453 0.005668
0 0.594379 0.143029 0.002977 0.004501
0 0.600797 0.146354 0.002625 0.007631
0 0.589047 0.173477 0.003344 0.006650
0 0.577293 0.173376 0.002445 0.005296
0 0.578562 0.179349 0.002078 0.004687
0 0.578242 0.195592 0.003078 0.007056
0 0.568617 0.199611 0.004062 0.006058
0 0.562562 0.205000 0.002984 0.005871
0 0.584523 0.196379 0.003891 0.005076
0 0.585746 0.216768 0.003523 0.008088
0 0.594063 0.190110 0.002266 0.008816
0 0.599168 0.200491 0.002711 0.006464
0 0.605359 0.195499 0.003344 0.007039
0 0.603055 0.171125 0.002891 0.006853
0 0.604141 0.164078 0.002891 0.006058
0 0.608051 0.233020 0.002430 0.007022
0 0.616477 0.216523 0.004375 0.009120
0 0.621086 0.190897 0.003203 0.005753
0 0.627492 0.183376 0.002734 0.006277
0 0.624406 0.200719 0.002344 0.005431
0 0.620148 0.202064 0.003047 0.005415
0 0.639484 0.200034 0.002656 0.008122
0 0.636203 0.213570 0.003437 0.006768
0 0.638312 0.223384 0.002344 0.007445
0 0.641203 0.218985 0.002812 0.009137
0 0.627563 0.248122 0.002797 0.009002
0 0.621188 0.271227 0.003250 0.009391
0 0.616035 0.261235 0.002352 0.007817
0 0.638633 0.271134 0.002891 0.007242
0 0.651332 0.261430 0.003523 0.005871
0 0.646094 0.276895 0.002625 0.005871
0 0.649660 0.276506 0.002352 0.005871
0 0.648441 0.283266 0.002258 0.004501
0 0.642602 0.288765 0.002891 0.005076
0 0.652328 0.299002 0.003594 0.005245
0 0.655766 0.293333 0.002500 0.005753
0 0.664707 0.285245 0.002539 0.004196
0 0.668887 0.295728 0.003148 0.006819
0 0.673969 0.313164 0.002422 0.007073
0 0.680680 0.335440 0.003266 0.008646
0 0.684230 0.350533 0.003148 0.006819
0 0.683625 0.369797 0.003391 0.008122
0 0.671219 0.367437 0.002781 0.007090
0 0.664988 0.382377 0.003148 0.007597
0 0.661719 0.396142 0.003875 0.007343
0 0.666258 0.423519 0.002297 0.008122
0 0.669828 0.421041 0.002906 0.004721
0 0.673520 0.428511 0.002539 0.008122
0 0.691738 0.430795 0.002805 0.006971
0 0.690758 0.445415 0.002031 0.005415
0 0.693336 0.446853 0.001875 0.006599
0 0.685797 0.446684 0.002734 0.005584
0 0.673023 0.446853 0.002344 0.005245
0 0.668180 0.457766 0.002813 0.005076
0 0.673531 0.460305 0.002734 0.006091
0 0.673336 0.467580 0.001875 0.005076
0 0.678766 0.465127 0.002266 0.007276
0 0.669937 0.471557 0.002891 0.004569
0 0.664195 0.451083 0.002500 0.005922
0 0.658648 0.450660 0.003125 0.006430
0 0.657672 0.467580 0.003359 0.006430
0 0.664297 0.480262 0.002578 0.006413
0 0.670078 0.483562 0.002891 0.007936
0 0.679125 0.491015 0.002500 0.005753
0 0.689711 0.478071 0.002734 0.006599
0 0.692367 0.475279 0.002109 0.004738
0 0.688266 0.501421 0.002656 0.007276
0 0.691195 0.500237 0.002109 0.006261
0 0.679590 0.501827 0.002805 0.005685
0 0.680406 0.511421 0.002625 0.006464
0 0.679492 0.523993 0.003594 0.005245
0 0.681250 0.530592 0.003047 0.004907
0 0.670656 0.528443 0.002656 0.005753
0 0.680742 0.547276 0.002734 0.006430
0 0.678711 0.556159 0.002422 0.005584
0 0.686211 0.566523 0.002266 0.007124
0 0.691602 0.580558 0.002734 0.006430
0 0.686441 0.616743 0.002930 0.008613
0 0.678281 0.587293 0.003766 0.007242
0 0.668242 0.573596 0.003141 0.007022
0 0.672738 0.604391 0.002086 0.007936
0 0.671695 0.597606 0.002094 0.004755
0 0.675094 0.611523 0.001984 0.005888
0 0.680895 0.621946 0.002930 0.006802
0 0.662000 0.583113 0.003391 0.006294
0 0.665664 0.590795 0.002578 0.007276
0 0.665156 0.598156 0.002813 0.005076
0 0.662961 0.624907 0.002172 0.007445
0 0.670129 0.632462 0.004117 0.007327
0 0.669527 0.640059 0.003148 0.005770
0 0.677090 0.646599 0.002789 0.007310
0 0.681930 0.656709 0.001812 0.007597
0 0.669773 0.700829 0.003594 0.006599
0 0.666367 0.727420 0.003141 0.007868
0 0.653117 0.733832 0.002781 0.006548
0 0.655234 0.748519 0.002906 0.006548
0 0.644281 0.750609 0.002781 0.007073
0 0.638957 0.751396 0.003023 0.007090
0 0.641680 0.774856 0.002906 0.006294
0 0.646945 0.779839 0.004234 0.005770
0 0.620059 0.816184 0.003023 0.008376
0 0.654555 0.313198 0.002078 0.006058
0 0.651797 0.313198 0.002891 0.006058
0 0.648859 0.323773 0.002625 0.005279
0 0.648227 0.337377 0.003344 0.006261
0 0.655457 0.333460 0.003164 0.007834
0 0.660879 0.336887 0.003883 0.005685
0 0.663953 0.328663 0.002266 0.006058
0 0.655637 0.350888 0.002617 0.005093
0 0.656500 0.357936 0.002531 0.007039
0 0.641852 0.349611 0.003078 0.007242
0 0.630297 0.333613 0.003172 0.008613
0 0.625098 0.306210 0.003430 0.007039
0 0.610230 0.295643 0.002633 0.005871
0 0.610141 0.300922 0.002984 0.004315
0 0.611809 0.306404 0.002883 0.005871
0 0.605805 0.299061 0.002266 0.004112
0 0.598254 0.285745 0.003242 0.006853
0 0.600156 0.279391 0.002531 0.005482
0 0.620504 0.315085 0.002898 0.008613
0 0.625383 0.343934 0.003891 0.007631
0 0.628727 0.355880 0.003703 0.006074
0 0.627777 0.372022 0.003070 0.008613
0 0.638082 0.389450 0.002352 0.007056
0 0.644457 0.386320 0.001898 0.005871
0 0.647801 0.386912 0.002445 0.007834
0 0.618648 0.344036 0.002344 0.006650
0 0.614672 0.345406 0.002891 0.007834
0 0.604141 0.344814 0.003703 0.006650
0 0.595961 0.326024 0.003078 0.008223
0 0.612164 0.371658 0.003219 0.010017
0 0.597953 0.357707 0.003641 0.009391
0 0.595438 0.397132 0.003078 0.010609
0 0.600547 0.398646 0.004062 0.010017
0 0.601109 0.408113 0.002406 0.005431
0 0.615070 0.429069 0.002719 0.009746
0 0.622914 0.433257 0.002719 0.007699
0 0.624270 0.442775 0.002930 0.009069
0 0.618398 0.448342 0.002891 0.008223
0 0.635434 0.462538 0.003523 0.006058
0 0.646961 0.455584 0.004703 0.008223
0 0.641672 0.446971 0.003156 0.007039
0 0.644742 0.440415 0.003344 0.006447
0 0.644430 0.427293 0.002172 0.008426
0 0.650484 0.445017 0.001625 0.007834
0 0.646020 0.487166 0.003164 0.009492
0 0.659641 0.527868 0.004141 0.009746
0 0.641766 0.489272 0.003406 0.008426
0 0.634891 0.496125 0.002797 0.005279
0 0.634891 0.516277 0.003766 0.007648
0 0.622422 0.509949 0.003891 0.007648
0 0.623398 0.483215 0.003891 0.008968
0 0.619566 0.468723 0.002555 0.008951
0 0.613242 0.458063 0.003047 0.007124
0 0.610445 0.468460 0.003531 0.008426
0 0.610137 0.486904 0.003648 0.008426
0 0.616527 0.496650 0.003039 0.008968
0 0.612816 0.507978 0.003398 0.008443
0 0.606738 0.507851 0.003648 0.008697
0 0.594512 0.499543 0.003773 0.008426
0 0.616766 0.529839 0.004500 0.010000
0 0.654703 0.547699 0.003406 0.007107
0 0.659934 0.564560 0.002914 0.009222
0 0.641750 0.552047 0.004016 0.008426
0 0.646066 0.565609 0.003648 0.009222
0 0.642480 0.581548 0.003523 0.008951
0 0.636461 0.598409 0.004625 0.007377
0 0.636340 0.606574 0.003164 0.006853
0 0.627699 0.601168 0.003648 0.008697
0 0.608422 0.592081 0.004500 0.009475
0 0.607395 0.604467 0.005836 0.008426
0 0.612500 0.620795 0.001953 0.008968
0 0.605906 0.629907 0.003453 0.008071
0 0.594691 0.642208 0.003180 0.007868
0 0.581879 0.640829 0.004086 0.004332
0 0.584148 0.589670 0.002813 0.007868
0 0.602227 0.567631 0.003906 0.006294
0 0.606090 0.570381 0.002539 0.008646
0 0.596777 0.555626 0.004086 0.006311
0 0.581469 0.576582 0.004359 0.007276
0 0.567797 0.605305 0.003719 0.009255
0 0.572703 0.610821 0.002813 0.004518
0 0.569977 0.632174 0.003547 0.007868
0 0.567691 0.638503 0.003148 0.005905
0 0.558703 0.623926 0.003469 0.005922
0 0.559441 0.632927 0.002633 0.006599
0 0.555656 0.629509 0.003469 0.006599
0 0.558496 0.604695 0.002836 0.007056
0 0.578992 0.693976 0.003453 0.007479
0 0.586441 0.693976 0.003086 0.005516
0 0.597203 0.680499 0.003000 0.006887
0 0.598113 0.700068 0.003180 0.007479
0 0.615695 0.700465 0.002359 0.006684
0 0.617238 0.708926 0.002180 0.007090
0 0.617418 0.715711 0.002727 0.004924
0 0.612648 0.704992 0.002453 0.005516
0 0.606973 0.718968 0.002539 0.006294
0 0.607699 0.664069 0.004180 0.007868
0 0.610469 0.656777 0.002641 0.005905
0 0.620781 0.668985 0.002359 0.006294
0 0.625367 0.687183 0.002094 0.006887
0 0.634129 0.683739 0.003273 0.008866
0 0.638488 0.684332 0.003273 0.005313
0 0.636762 0.672039 0.003820 0.005905
0 0.643027 0.668384 0.002727 0.006887
0 0.644980 0.676658 0.001727 0.007665
0 0.648070 0.677445 0.001547 0.006497
0 0.654340 0.684526 0.002633 0.007665
0 0.660566 0.686599 0.002727 0.007479
0 0.655934 0.666032 0.002180 0.007293
0 0.661973 0.666523 0.002820 0.005499
0 0.654613 0.651768 0.001727 0.003942
0 0.647391 0.647437 0.002359 0.006311
0 0.637805 0.643308 0.002813 0.005905
0 0.662910 0.642817 0.003023 0.006548
0 0.649539 0.634679 0.002906 0.006514
0 0.625320 0.741980 0.004125 0.010964
0 0.630285 0.754569 0.003930 0.010964
0 0.637687 0.723503 0.004125 0.008122
0 0.641719 0.734264 0.003562 0.007716
0 0.648188 0.719239 0.003375 0.006904
0 0.623539 0.762817 0.003344 0.007699
0 0.608375 0.740618 0.004188 0.007699
0 0.614180 0.757157 0.002609 0.005448
0 0.612141 0.767124 0.003344 0.007242
0 0.607746 0.763384 0.002930 0.006565
0 0.604508 0.756819 0.003344 0.006565
0 0.600270 0.766557 0.003039 0.007936
0 0.606555 0.781895 0.003344 0.005651
0 0.611156 0.783367 0.003766 0.006328
0 0.615184 0.779856 0.003039 0.006582
0 0.617641 0.792200 0.002297 0.006802
0 0.613406 0.796954 0.002828 0.007242
0 0.618113 0.807606 0.002617 0.005431
0 0.605145 0.799103 0.003242 0.005212
0 0.605930 0.806582 0.003141 0.004298
0 0.605824 0.814628 0.004180 0.005431
0 0.602113 0.803528 0.003242 0.004992
0 0.601117 0.808959 0.002922 0.004078
0 0.600383 0.795034 0.002719 0.007022
0 0.602633 0.792657 0.001984 0.005888
0 0.607078 0.844044 0.003563 0.008934
0 0.577094 0.842623 0.003188 0.010152
0 0.578496 0.876311 0.003742 0.010152
0 0.567719 0.873672 0.003188 0.005685
0 0.562750 0.866768 0.003375 0.006497
0 0.560125 0.863723 0.002625 0.006091
0 0.556660 0.875262 0.003023 0.006565
0 0.553875 0.880245 0.002781 0.007597
0 0.554543 0.892817 0.002180 0.007597
0 0.544863 0.888494 0.004117 0.006294
0 0.540324 0.875262 0.003023 0.006024
0 0.538629 0.885618 0.002539 0.005245
0 0.535422 0.887716 0.003875 0.006294
0 0.534152 0.897783 0.003039 0.006565
0 0.536813 0.894306 0.002531 0.004484
0 0.529898 0.908799 0.003344 0.008426
0 0.526687 0.893723 0.002531 0.005279
0 0.520137 0.905178 0.002445 0.005076
0 0.515121 0.898325 0.003258 0.004298
0 0.509152 0.914086 0.003258 0.005668
0 0.503551 0.907039 0.004523 0.008799
0 0.498668 0.903613 0.003617 0.006277
0 0.492297 0.904890 0.003891 0.007242
0 0.498852 0.878553 0.002891 0.007056
0 0.493469 0.873951 0.004250 0.008037
0 0.490172 0.856920 0.003250 0.008426
0 0.497223 0.854374 0.004164 0.003333
0 0.497586 0.862005 0.002531 0.006481
0 0.501563 0.862107 0.002172 0.006277
0 0.501738 0.851827 0.002711 0.008020
0 0.506215 0.867775 0.002617 0.007462
0 0.510328 0.878350 0.003797 0.005871
0 0.517563 0.878266 0.003797 0.006853
0 0.524656 0.875508 0.003531 0.004924
0 0.517516 0.868376 0.002984 0.006261
0 0.514578 0.862699 0.002891 0.005871
0 0.516563 0.851717 0.002531 0.005499
0 0.521992 0.847420 0.002891 0.005093
0 0.533742 0.850838 0.003250 0.005262
0 0.536453 0.855838 0.002172 0.005482
0 0.540609 0.850271 0.002172 0.006464
0 0.538125 0.848689 0.002797 0.005262
0 0.534191 0.835871 0.003070 0.005854
0 0.547707 0.842047 0.002445 0.004501
0 0.554773 0.832936 0.003344 0.005871
0 0.552742 0.824332 0.002891 0.005482
0 0.545375 0.814535 0.003891 0.006261
0 0.563496 0.829805 0.003070 0.005871
0 0.567836 0.834695 0.003437 0.005871
0 0.565168 0.844882 0.003164 0.007056
0 0.570457 0.852318 0.003617 0.005482
0 0.573848 0.824129 0.002445 0.004704
0 0.570461 0.809154 0.002891 0.005685
0 0.564223 0.813655 0.003070 0.005685
0 0.580039 0.805093 0.002969 0.006599
0 0.592008 0.807064 0.004312 0.007293
0 0.579445 0.780203 0.003578 0.008190
0 0.567617 0.780431 0.004312 0.006819
0 0.552379 0.776108 0.003258 0.006836
0 0.550645 0.786007 0.002945 0.007073
0 0.561000 0.751971 0.003469 0.004552
0 0.537438 0.756244 0.003437 0.006091
0 0.533141 0.778071 0.003281 0.006430
0 0.528922 0.794653 0.003750 0.007107
0 0.527945 0.802183 0.003047 0.005584
0 0.519273 0.789746 0.002266 0.005415
0 0.525875 0.781709 0.004063 0.006599
0 0.524383 0.762470 0.002188 0.006768
0 0.526414 0.760448 0.001875 0.005770
0 0.519227 0.766447 0.002500 0.005922
0 0.514098 0.770195 0.002664 0.005499
0 0.509531 0.786582 0.003031 0.005888
0 0.502680 0.792699 0.003141 0.007259
0 0.507648 0.813316 0.002828 0.009069
0 0.515336 0.821015 0.002094 0.006802
0 0.518680 0.832335 0.003766 0.008156
0 0.506547 0.835626 0.002094 0.007022
0 0.491855 0.841286 0.002617 0.006565
0 0.488402 0.841971 0.003664 0.005668
0 0.482652 0.860423 0.002258 0.005279
0 0.483465 0.855135 0.002805 0.006074
0 0.480121 0.849264 0.002805 0.005668
0 0.480887 0.840550 0.002164 0.005093
0 0.476234 0.853959 0.002438 0.004501
0 0.481160 0.881227 0.003883 0.007936
0 0.468980 0.895829 0.003133 0.007699
0 0.463535 0.895838 0.003148 0.004535
0 0.445867 0.881557 0.003766 0.005888
0 0.452867 0.876007 0.002500 0.007479
0 0.459043 0.864459 0.002930 0.008376
0 0.464582 0.858570 0.003148 0.007462
0 0.463070 0.847809 0.002625 0.007259
0 0.467410 0.849289 0.002930 0.007479
0 0.455789 0.846337 0.002719 0.006582
0 0.450836 0.841125 0.003031 0.005668
0 0.445031 0.850761 0.002516 0.005888
0 0.448484 0.853926 0.002094 0.005888
0 0.449523 0.865474 0.002922 0.007699
0 0.423383 0.862538 0.003344 0.005888
0 0.419617 0.868993 0.004391 0.007022
0 0.417883 0.856878 0.003859 0.007699
0 0.433418 0.844645 0.002711 0.006345
0 0.438805 0.844983 0.003453 0.005668
0 0.441195 0.864349 0.002969 0.006768
0 0.434633 0.883638 0.002656 0.008799
0 0.439840 0.831810 0.003164 0.007817
0 0.440109 0.817234 0.003344 0.007225
0 0.438578 0.809687 0.003344 0.005059
0 0.436090 0.796971 0.002711 0.007851
0 0.431297 0.821726 0.002891 0.006870
0 0.422441 0.838181 0.003977 0.006074
0 0.416656 0.829560 0.002531 0.006091
0 0.427410 0.819670 0.002352 0.005465
0 0.427773 0.809382 0.002531 0.005668
0 0.424520 0.815761 0.001992 0.005499
0 0.422305 0.813613 0.002266 0.005871
0 0.417965 0.808418 0.002805 0.005262
0 0.422078 0.803130 0.002531 0.006058
0 0.419594 0.797352 0.003703 0.004721
0 0.419004 0.789526 0.002898 0.004670
0 0.440246 0.796083 0.002164 0.005296
0 0.442688 0.797843 0.001812 0.005702
0 0.454301 0.809103 0.002805 0.005448
0 0.455707 0.819078 0.002352 0.007428
0 0.446758 0.824264 0.002531 0.003723
0 0.485398 0.825550 0.002438 0.006633
0 0.487746 0.798037 0.002258 0.007648
0 0.480109 0.788350 0.002891 0.005499
0 0.466824 0.801371 0.003070 0.003316
0 0.464652 0.795897 0.002352 0.006074
0 0.467363 0.790415 0.002352 0.005668
0 0.470754 0.779729 0.002445 0.007039
0 0.465332 0.778570 0.002805 0.004315
0 0.461941 0.781303 0.001992 0.007039
0 0.461125 0.795118 0.002531 0.006074
0 0.456563 0.792851 0.002266 0.005499
0 0.453715 0.794814 0.002898 0.009763
0 0.456516 0.774543 0.001625 0.006481
0 0.470781 0.764560 0.003437 0.006853
0 0.478691 0.761227 0.004617 0.005668
0 0.486871 0.762885 0.003070 0.006650
0 0.495672 0.768621 0.003672 0.007766
0 0.499578 0.778858 0.002891 0.008308
0 0.500633 0.753139 0.003750 0.009662
0 0.504984 0.728037 0.002438 0.009002
0 0.502184 0.726184 0.002805 0.008816
0 0.488945 0.736954 0.003797 0.009983
0 0.494230 0.740186 0.003164 0.011743
0 0.479676 0.742817 0.004070 0.007631
0 0.519180 0.721574 0.005156 0.008223
0 0.524059 0.723545 0.003164 0.010575
0 0.536293 0.715753 0.004492 0.008393
0 0.535824 0.727750 0.003555 0.008832
0 0.541313 0.730592 0.002828 0.006802
0 0.543980 0.724805 0.002508 0.008832
0 0.549570 0.737504 0.002391 0.007022
0 0.554590 0.712352 0.003648 0.007479
0 0.551242 0.706354 0.003859 0.007259
0 0.532473 0.698646 0.004602 0.009509
0 0.547953 0.700237 0.002094 0.008596
0 0.563590 0.712124 0.002617 0.007936
0 0.569500 0.703063 0.002297 0.006565
0 0.567355 0.698875 0.002195 0.006345
0 0.569605 0.728773 0.002508 0.006345
0 0.580133 0.725152 0.003891 0.007360
0 0.576578 0.717335 0.002797 0.006481
0 0.562641 0.670118 0.004125 0.010152
0 0.547457 0.650440 0.005242 0.008122
0 0.562172 0.642640 0.004312 0.008122
0 0.597566 0.440897 0.004117 0.010795
0 0.592145 0.468849 0.003258 0.013164
0 0.583793 0.465787 0.004336 0.011743
0 0.581191 0.445135 0.004336 0.009865
0 0.576746 0.430093 0.004555 0.008917
0 0.582492 0.375381 0.003469 0.007513
0 0.587156 0.377259 0.002391 0.008460
0 0.584121 0.357064 0.004555 0.009391
0 0.586398 0.340152 0.003469 0.008460
0 0.576527 0.328401 0.003258 0.006582
0 0.578266 0.317132 0.003687 0.006582
0 0.575187 0.296540 0.004766 0.010338
0 0.579246 0.304543 0.003242 0.007022
0 0.602168 0.318054 0.003398 0.008765
0 0.564422 0.279983 0.003406 0.007716
0 0.566605 0.267699 0.003242 0.008426
0 0.556723 0.273139 0.002914 0.007360
0 0.548543 0.274196 0.002758 0.006667
0 0.547168 0.265592 0.003242 0.007022
0 0.544250 0.251912 0.003891 0.007005
0 0.555535 0.231912 0.002898 0.008122
0 0.575078 0.237420 0.002781 0.010237
0 0.550570 0.239518 0.002422 0.007090
0 0.544766 0.235321 0.003391 0.007090
0 0.536656 0.207936 0.003141 0.004704
0 0.533875 0.214230 0.002906 0.007343
0 0.522258 0.220778 0.003875 0.005753
0 0.523527 0.245804 0.003273 0.007073
0 0.526793 0.249873 0.002539 0.008917
0 0.531332 0.255245 0.002180 0.009171
0 0.519715 0.268080 0.003148 0.008646
0 0.516930 0.268477 0.002422 0.008393
0 0.525461 0.293376 0.003266 0.007868
0 0.536055 0.296523 0.003391 0.006277
0 0.531695 0.301760 0.003141 0.006294
0 0.540652 0.304645 0.002664 0.007868
0 0.537262 0.308841 0.002898 0.007868
0 0.530195 0.331954 0.002547 0.008376
0 0.537820 0.358299 0.005687 0.010745
0 0.549434 0.373105 0.003508 0.008917
0 0.566559 0.379915 0.003867 0.006294
0 0.569465 0.361049 0.002664 0.006802
0 0.565953 0.366024 0.003625 0.007343
0 0.554086 0.330643 0.003375 0.009949
0 0.558027 0.313748 0.004961 0.011794
0 0.563875 0.481151 0.004312 0.013807
0 0.556473 0.465719 0.005992 0.010558
0 0.545789 0.464501 0.004125 0.009746
0 0.551320 0.442792 0.003938 0.008528
0 0.588891 0.505203 0.003250 0.009865
0 0.589109 0.514365 0.003687 0.007513
0 0.580105 0.532919 0.003898 0.008917
0 0.555340 0.408824 0.006023 0.011963
0 0.564195 0.516497 0.004375 0.009137
0 0.548238 0.557200 0.004211 0.009120
0 0.551559 0.567902 0.002758 0.006667
0 0.542078 0.587893 0.003562 0.010169
0 0.523531 0.588080 0.003078 0.006311
0 0.520129 0.603156 0.005023 0.009831
0 0.532605 0.548596 0.003727 0.006667
0 0.533332 0.557547 0.003883 0.007716
0 0.519723 0.540178 0.003242 0.005262
0 0.510004 0.522462 0.002914 0.006311
0 0.501820 0.567547 0.004375 0.010186
0 0.498504 0.581582 0.004539 0.008782
0 0.488621 0.616497 0.005836 0.010525
0 0.480117 0.600355 0.005344 0.009814
0 0.477766 0.577369 0.003234 0.008071
0 0.470152 0.586320 0.005508 0.007022
0 0.477363 0.530364 0.004695 0.008071
0 0.489754 0.533164 0.003883 0.006667
0 0.494773 0.500186 0.004859 0.008765
0 0.492426 0.487208 0.003727 0.006667
0 0.495828 0.471937 0.004047 0.008409
0 0.494613 0.449484 0.002914 0.007022
0 0.488781 0.458951 0.004531 0.007716
0 0.493563 0.432115 0.004047 0.007377
0 0.519809 0.437733 0.007289 0.009475
0 0.505629 0.444044 0.004539 0.008054
0 0.408074 0.845956 0.004539 0.013672
0 0.397625 0.845254 0.006000 0.010880
0 0.384906 0.829636 0.005187 0.009120
0 0.385395 0.802453 0.003242 0.008765
0 0.377945 0.798934 0.004859 0.006667
0 0.394949 0.799467 0.004211 0.008409
0 0.397625 0.827538 0.004047 0.007733
0 0.404594 0.826134 0.005672 0.007022
0 0.404070 0.815042 0.002797 0.005787
0 0.404742 0.808723 0.002672 0.007902
0 0.408695 0.798706 0.002547 0.006853
0 0.409059 0.786591 0.004258 0.008951
0 0.413559 0.772098 0.003523 0.006328
0 0.413258 0.786980 0.002187 0.009222
0 0.407176 0.774873 0.002430 0.008697
0 0.408754 0.769992 0.001945 0.006853
0 0.411492 0.760770 0.001828 0.006853
0 0.396773 0.762098 0.002797 0.007377
0 0.400789 0.763545 0.002797 0.008173
0 0.405715 0.749721 0.003648 0.007902
0 0.398297 0.748401 0.002922 0.007902
0 0.385891 0.755770 0.004375 0.009475
0 0.381816 0.775525 0.004508 0.006853
0 0.368559 0.794628 0.003523 0.006582
0 0.363391 0.765643 0.004141 0.010271
0 0.370387 0.751692 0.002555 0.009746
0 0.365887 0.750635 0.004258 0.008173
0 0.373242 0.754983 0.002187 0.009492
0 0.377195 0.744315 0.003766 0.006058
0 0.426754 0.774873 0.003164 0.008697
0 0.421102 0.761430 0.003766 0.010271
0 0.422742 0.751557 0.002187 0.008968
0 0.428219 0.738917 0.003406 0.007377
0 0.426754 0.749848 0.003648 0.006058
0 0.433324 0.778816 0.002914 0.010795
0 0.578793 0.562022 0.004148 0.010203
0 0.593020 0.584255 0.005086 0.013046
0 0.570977 0.544069 0.003578 0.011827
0 0.575211 0.557733 0.003391 0.008156
0 0.571539 0.562022 0.003203 0.009391
0 0.556656 0.520398 0.003578 0.012640
0 0.546297 0.516328 0.003578 0.006937
0 0.537348 0.506531 0.003008 0.008562
0 0.531883 0.512039 0.003766 0.008173
0 0.527402 0.502081 0.004148 0.007750
0 0.531074 0.498613 0.002445 0.005719
0 0.533992 0.494941 0.003016 0.008156
0 0.542379 0.480254 0.004711 0.008156
0 0.528625 0.458223 0.004328 0.006531
0 0.532113 0.466988 0.004523 0.008562
0 0.520715 0.462910 0.002445 0.006125
0 0.524293 0.463316 0.002070 0.006937
0 0.515813 0.452707 0.003203 0.007750
0 0.523445 0.472699 0.003016 0.004484
0 0.519496 0.468012 0.001367 0.002961
0 0.523121 0.467893 0.002523 0.003198
0 0.519445 0.473249 0.001891 0.002504
0 0.535465 0.472986 0.001633 0.003942
0 0.532453 0.425533 0.004141 0.007547
0 0.530711 0.410423 0.004141 0.011337
0 0.538883 0.405228 0.003922 0.010389
0 0.522977 0.399332 0.003922 0.012741
0 0.511313 0.388232 0.005016 0.014162
0 0.545785 0.548223 0.004164 0.007073
0 0.481848 0.450635 0.004383 0.012437
0 0.502949 0.414442 0.004727 0.011692
0 0.469187 0.384467 0.005406 0.007310
0 0.488094 0.403477 0.003375 0.011692
0 0.482863 0.395059 0.006414 0.009509
0 0.490965 0.414442 0.005742 0.008782
0 0.480867 0.327953 0.005250 0.013909
0 0.483637 0.363029 0.005539 0.008223
0 0.498375 0.351650 0.002922 0.009492
0 0.496477 0.370296 0.003797 0.012640
0 0.491223 0.381667 0.005539 0.010102
0 0.529887 0.366184 0.002914 0.010745
0 0.511211 0.339323 0.004672 0.011371
0 0.519676 0.300144 0.004664 0.011387
0 0.520262 0.315948 0.005836 0.012640
0 0.499395 0.302352 0.006133 0.013266
0 0.489473 0.304882 0.006133 0.015787
0 0.511863 0.654205 0.004789 0.017479
0 0.508711 0.695719 0.005547 0.015296
0 0.533172 0.650922 0.004031 0.013113
0 0.521949 0.668951 0.004789 0.013096
0 0.503289 0.691616 0.003781 0.008206
0 0.503160 0.707462 0.004539 0.008190
0 0.493449 0.708824 0.004289 0.009831
0 0.495598 0.691074 0.004539 0.012572
0 0.490172 0.693528 0.004281 0.012030
0 0.485762 0.710186 0.004539 0.011472
0 0.487777 0.678503 0.005039 0.016937
0 0.477813 0.669772 0.003281 0.007090
0 0.476301 0.677140 0.003789 0.007648
0 0.466086 0.723570 0.004031 0.008731
0 0.453980 0.741599 0.005039 0.009831
0 0.453352 0.716743 0.003781 0.010372
0 0.454484 0.703359 0.005047 0.008748
0 0.444902 0.680415 0.004039 0.009831
0 0.446922 0.670863 0.004031 0.010389
0 0.450070 0.659670 0.003781 0.013113
0 0.458902 0.669222 0.004289 0.012555
0 0.464324 0.655296 0.004539 0.012014
0 0.470879 0.635905 0.005555 0.009272
0 0.471406 0.412234 0.003906 0.010998
0 0.467500 0.421963 0.006250 0.010152
0 0.500941 0.521362 0.005039 0.010914
0 0.500184 0.509619 0.002523 0.008206
0 0.503211 0.486954 0.003531 0.010931
0 0.502453 0.468384 0.005047 0.013113
0 0.505859 0.506337 0.004281 0.010372
0 0.354867 0.734323 0.005250 0.012640
0 0.355301 0.721684 0.004961 0.012640
0 0.347715 0.727056 0.003789 0.012014
0 0.344977 0.717369 0.003000 0.008849
0 0.333527 0.688841 0.004633 0.006887
0 0.331937 0.677910 0.004359 0.010237
0 0.325805 0.654408 0.003359 0.010034
0 0.343297 0.658139 0.004000 0.009239
0 0.347656 0.667090 0.003094 0.008663
0 0.344980 0.675651 0.003180 0.007276
0 0.354059 0.682640 0.004633 0.010220
0 0.355973 0.669459 0.003727 0.010626
0 0.361375 0.677910 0.003641 0.007868
0 0.362285 0.685000 0.003273 0.007090
0 0.363328 0.695922 0.003719 0.007682
0 0.365234 0.702115 0.003906 0.007479
0 0.360918 0.709298 0.005633 0.008071
0 0.374047 0.678807 0.003000 0.008849
0 0.378684 0.686768 0.003539 0.007479
0 0.376316 0.710389 0.003648 0.010017
0 0.378992 0.715118 0.002188 0.007902
0 0.375285 0.729484 0.003289 0.008680
0 0.388117 0.721058 0.003156 0.008173
0 0.384164 0.726591 0.003047 0.005533
0 0.382215 0.712360 0.002555 0.007631
0 0.384590 0.707352 0.002680 0.009222
0 0.397055 0.726980 0.002312 0.009492
0 0.392980 0.732250 0.003164 0.007377
0 0.401738 0.727775 0.002914 0.007902
0 0.414266 0.733173 0.002672 0.007124
0 0.419434 0.742394 0.002555 0.008173
0 0.425516 0.726844 0.002547 0.007631
0 0.418949 0.708274 0.003289 0.007377
0 0.425027 0.691421 0.003523 0.008968
0 0.405566 0.700770 0.003039 0.007124
0 0.403137 0.685364 0.003039 0.008426
0 0.394621 0.671658 0.003039 0.008426
0 0.391098 0.675745 0.003523 0.008173
0 0.386172 0.689577 0.003891 0.006328
0 0.397055 0.664552 0.003281 0.005787
0 0.403379 0.661523 0.002555 0.007107
0 0.409277 0.669162 0.002430 0.007124
0 0.411344 0.674433 0.002187 0.005008
0 0.414633 0.679966 0.002187 0.006058
0 0.417004 0.684839 0.002070 0.007377
0 0.449516 0.602792 0.004578 0.009442
0 0.437969 0.603511 0.004578 0.007090
0 0.427160 0.674408 0.003039 0.006582
0 0.429285 0.680728 0.004383 0.006058
0 0.421930 0.661497 0.003281 0.008173
0 0.412988 0.648723 0.003398 0.006311
0 0.421195 0.630677 0.004016 0.009746
0 0.428496 0.627648 0.005477 0.011066
0 0.429953 0.585364 0.002797 0.009746
0 0.411410 0.589061 0.005836 0.008173
0 0.499062 0.654543 0.003891 0.012369
0 0.489273 0.649137 0.004016 0.008426
0 0.323770 0.396827 0.003914 0.009865
0 0.326457 0.406168 0.003742 0.009526
0 0.335328 0.401768 0.006188 0.007766
0 0.337039 0.392073 0.004391 0.009526
0 0.330039 0.398232 0.003094 0.010575
0 0.317824 0.410753 0.004070 0.008105
0 0.326129 0.420635 0.004070 0.008105
0 0.313512 0.428917 0.004227 0.007039
0 0.315707 0.437910 0.004398 0.008105
0 0.313023 0.444611 0.003906 0.005296
0 0.337363 0.436506 0.003742 0.008816
0 0.324016 0.443553 0.003422 0.007411
0 0.311312 0.461007 0.004391 0.007766
0 0.319047 0.462944 0.002609 0.006701
0 0.312699 0.478291 0.002602 0.008460
0 0.311883 0.469822 0.002937 0.007056
0 0.315301 0.468063 0.002602 0.007766
0 0.322414 0.462496 0.003781 0.008409
0 0.325617 0.454983 0.002203 0.007970
0 0.329301 0.456235 0.003258 0.008646
0 0.336184 0.463063 0.003570 0.008663
0 0.337918 0.475017 0.002836 0.006616
0 0.344746 0.457149 0.003680 0.007293
0 0.344906 0.441785 0.003359 0.007056
0 0.359832 0.443942 0.002945 0.008663
0 0.358625 0.449399 0.002844 0.006379
0 0.352949 0.454645 0.004102 0.007293
0 0.354105 0.462606 0.003258 0.005008
0 0.355051 0.475465 0.004102 0.008426
0 0.365961 0.479839 0.003516 0.009459
0 0.378266 0.489137 0.001953 0.004873
0 0.380172 0.489289 0.002109 0.005178
0 0.353297 0.502547 0.003234 0.006108
0 0.344641 0.500567 0.003375 0.006413
0 0.342383 0.490508 0.003922 0.007005
0 0.334363 0.494467 0.004211 0.005787
0 0.330008 0.491574 0.003375 0.009746
0 0.326770 0.493858 0.002820 0.005178
0 0.322375 0.475668 0.003484 0.008020
0 0.328168 0.482377 0.003039 0.007902
0 0.454777 0.532208 0.005836 0.013892
0 0.431727 0.533782 0.005250 0.010745
0 0.428516 0.542953 0.007594 0.010102
0 0.416402 0.520516 0.004961 0.010745
0 0.423266 0.520829 0.005250 0.011371
0 0.418594 0.557487 0.005250 0.010102
0 0.385477 0.538849 0.003797 0.008223
0 0.385676 0.562589 0.004711 0.010186
0 0.390668 0.578096 0.004523 0.008579
0 0.388785 0.593393 0.004898 0.008985
0 0.389918 0.623181 0.004523 0.008968
0 0.408469 0.630321 0.003578 0.009374
0 0.398582 0.642766 0.003773 0.009797
0 0.399148 0.628283 0.003016 0.011827
0 0.396602 0.628486 0.002828 0.011421
0 0.381437 0.637259 0.006031 0.007750
0 0.376164 0.625423 0.004141 0.007766
0 0.374563 0.609509 0.003953 0.009374
0 0.371641 0.594619 0.004141 0.007343
0 0.362410 0.594619 0.005273 0.008156
0 0.351012 0.615626 0.005461 0.011015
0 0.338016 0.616447 0.005844 0.008562
0 0.354309 0.580956 0.004898 0.010203
0 0.365520 0.568503 0.005461 0.010609
0 0.372301 0.562183 0.005461 0.009374
0 0.376539 0.576870 0.004516 0.010186
0 0.371078 0.542394 0.004141 0.010609
0 0.367965 0.552792 0.005086 0.007750
0 0.370605 0.526074 0.004336 0.012250
0 0.359773 0.526277 0.004516 0.011844
0 0.350168 0.526684 0.004898 0.010186
0 0.353934 0.551980 0.004148 0.008562
0 0.347531 0.548511 0.006406 0.006531
0 0.346211 0.554636 0.003391 0.005719
0 0.332738 0.559941 0.003961 0.004890
0 0.333871 0.567479 0.005086 0.006937
0 0.328031 0.571159 0.003578 0.007766
0 0.312676 0.564425 0.003773 0.006514
0 0.313621 0.578503 0.005273 0.006920
0 0.314937 0.591963 0.005281 0.008562
0 0.322941 0.603799 0.004336 0.009391
0 0.321625 0.584010 0.003953 0.008156
0 0.330574 0.594010 0.004523 0.007750
0 0.336793 0.586261 0.005273 0.006937
0 0.334719 0.606447 0.004141 0.006531
0 0.338770 0.607267 0.004336 0.008173
0 0.321246 0.541980 0.004711 0.008156
0 0.321340 0.533215 0.005273 0.009374
0 0.309852 0.523012 0.006031 0.012657
0 0.325297 0.521582 0.003766 0.008985
0 0.328219 0.518519 0.003203 0.009391
0 0.329539 0.506489 0.003953 0.008985
0 0.341973 0.531176 0.005086 0.011015
0 0.338863 0.546269 0.005648 0.010203
0 0.329914 0.548105 0.005469 0.008156
0 0.330953 0.539949 0.003016 0.007343
0 0.335754 0.531582 0.004336 0.006108
0 0.332832 0.536481 0.004523 0.006937
0 0.331047 0.530152 0.003203 0.007343
0 0.392121 0.544188 0.005836 0.012640
0 0.543516 0.190008 0.003766 0.007902
0 0.542055 0.197250 0.003531 0.005533
0 0.543211 0.203706 0.002922 0.006836
0 0.530137 0.181184 0.005227 0.008697
0 0.522535 0.192377 0.003898 0.008951
0 0.509582 0.212267 0.003773 0.008156
0 0.520223 0.179729 0.002914 0.007377
0 0.515055 0.172098 0.004750 0.008968
0 0.515055 0.155897 0.003281 0.010271
0 0.509398 0.159188 0.003406 0.009475
0 0.504230 0.199357 0.004992 0.008697
0 0.489578 0.196066 0.005109 0.010000
0 0.484164 0.219509 0.005719 0.008968
0 0.476500 0.197521 0.004016 0.006582
0 0.473824 0.180262 0.005477 0.011591
0 0.466648 0.177369 0.004750 0.006853
0 0.464582 0.186980 0.005711 0.007631
0 0.465781 0.245618 0.005187 0.009137
0 0.470715 0.243790 0.003805 0.010355
0 0.473098 0.262995 0.005195 0.009746
0 0.471488 0.272284 0.005352 0.008832
0 0.484504 0.277166 0.005211 0.010068
0 0.448191 0.277005 0.005758 0.007919
0 0.451008 0.250186 0.003531 0.008528
0 0.452484 0.256591 0.003641 0.006108
0 0.473504 0.361117 0.005648 0.012657
0 0.465871 0.337860 0.005086 0.011827
0 0.455043 0.335203 0.007539 0.013046
0 0.469875 0.332910 0.004578 0.012758
0 0.471723 0.350135 0.005695 0.011980
0 0.447074 0.460550 0.004523 0.011015
0 0.441230 0.479315 0.005648 0.009391
0 0.440762 0.461159 0.004336 0.013046
0 0.413918 0.461777 0.004898 0.014281
0 0.406570 0.459323 0.004141 0.009374
0 0.394512 0.497470 0.006398 0.013858
0 0.394980 0.469932 0.004711 0.011844
0 0.387918 0.467682 0.003773 0.013063
0 0.373035 0.460753 0.005273 0.011421
0 0.378688 0.450753 0.003766 0.010203
0 0.374543 0.439941 0.004523 0.009797
0 0.361168 0.421582 0.005648 0.010609
0 0.338187 0.415457 0.006781 0.009797
0 0.398562 0.426684 0.005094 0.009374
0 0.402895 0.441362 0.005086 0.010203
0 0.410809 0.443409 0.004336 0.012640
0 0.414949 0.401785 0.004711 0.010203
0 0.400633 0.414036 0.006594 0.011015
0 0.401668 0.400364 0.004898 0.008985
0 0.411465 0.385880 0.004898 0.012640
0 0.525953 0.145313 0.003391 0.010186
0 0.523594 0.136946 0.003578 0.010609
0 0.506355 0.123486 0.004898 0.008156
0 0.513797 0.132665 0.003953 0.009391
0 0.506074 0.145719 0.002445 0.009374
0 0.503156 0.146337 0.003391 0.009797
0 0.493172 0.128993 0.004141 0.008579
0 0.493828 0.110228 0.002828 0.009391
0 0.497695 0.119611 0.003391 0.008562
0 0.499012 0.127563 0.004148 0.008156
0 0.484316 0.116134 0.004898 0.010609
0 0.477402 0.111041 0.005086 0.011421
0 0.462992 0.102064 0.004141 0.008156
0 0.467699 0.103088 0.004898 0.010203
0 0.465535 0.113283 0.005836 0.007750
0 0.460824 0.123892 0.004336 0.008562
0 0.466172 0.129552 0.003641 0.007868
0 0.466398 0.140364 0.002453 0.009052
0 0.469035 0.136235 0.002633 0.007090
0 0.472578 0.142733 0.002453 0.009459
0 0.474254 0.153942 0.004180 0.007479
0 0.458340 0.098604 0.003773 0.010541
0 0.449707 0.111650 0.003773 0.009222
0 0.452203 0.108223 0.003406 0.010795
0 0.455180 0.124019 0.003766 0.009222
0 0.458004 0.132318 0.004102 0.005922
0 0.458215 0.140626 0.004102 0.010694
0 0.428305 0.115465 0.005047 0.008190
0 0.447336 0.133790 0.004625 0.008426
0 0.443812 0.138113 0.002844 0.006142
0 0.444492 0.144721 0.002734 0.003858
0 0.449484 0.141988 0.003469 0.007056
0 0.446965 0.151438 0.004102 0.006836
0 0.446176 0.158723 0.003148 0.006379
0 0.452852 0.163849 0.004094 0.007970
0 0.441238 0.182394 0.003570 0.008646
0 0.441027 0.159408 0.002523 0.007750
0 0.431672 0.141421 0.003156 0.006836
0 0.431090 0.134247 0.003680 0.005245
0 0.434875 0.130271 0.003469 0.009103
0 0.427676 0.125482 0.004414 0.005922
0 0.435328 0.353020 0.006328 0.013215
0 0.427480 0.358215 0.006320 0.016058
0 0.429770 0.338858 0.006977 0.011320
0 0.437617 0.306049 0.006969 0.011794
0 0.442414 0.356320 0.003922 0.006616
0 0.438598 0.341455 0.005008 0.009915
0 0.441648 0.348063 0.004141 0.008037
0 0.447535 0.332724 0.005008 0.011337
0 0.423773 0.302978 0.004578 0.013232
0 0.428246 0.287166 0.005664 0.011794
0 0.408738 0.332487 0.007195 0.008020
0 0.412770 0.342640 0.006102 0.009442
0 0.376148 0.404475 0.006109 0.014162
0 0.412441 0.366235 0.004570 0.005668
0 0.410977 0.359069 0.003422 0.008426
0 0.407805 0.358672 0.003891 0.008680
0 0.402340 0.387124 0.004883 0.008697
0 0.399477 0.390812 0.002797 0.011844
0 0.392547 0.394636 0.004500 0.007377
0 0.392309 0.378029 0.004977 0.007902
0 0.391328 0.357225 0.004984 0.010525
0 0.381117 0.366176 0.004031 0.008426
0 0.381719 0.376455 0.005953 0.006853
0 0.378559 0.381591 0.005227 0.008697
0 0.373328 0.348663 0.005719 0.006058
0 0.374793 0.343003 0.003789 0.005262
0 0.386156 0.336810 0.004625 0.006582
0 0.377711 0.311261 0.005000 0.007124
0 0.373457 0.318367 0.004242 0.006582
0 0.367801 0.328384 0.004633 0.007631
0 0.398566 0.289924 0.004867 0.011320
0 0.403184 0.319814 0.005352 0.007377
0 0.411027 0.296108 0.004742 0.008426
0 0.421066 0.284518 0.004133 0.008426
0 0.353840 0.388646 0.004070 0.012690
0 0.367762 0.397115 0.004883 0.015516
0 0.344645 0.379120 0.004883 0.009171
0 0.349852 0.386354 0.003578 0.012335
0 0.337230 0.369602 0.004070 0.008477
0 0.335199 0.360262 0.003258 0.008816
0 0.338293 0.360262 0.003258 0.008105
0 0.345621 0.356557 0.003586 0.009865
0 0.354168 0.339805 0.004070 0.008816
0 0.351559 0.327284 0.004070 0.011286
0 0.345293 0.331514 0.004883 0.011286
0 0.332270 0.345618 0.003586 0.008460
0 0.325918 0.337513 0.004227 0.009882
0 0.332922 0.320415 0.003906 0.013756
0 0.335934 0.327115 0.004398 0.008105
0 0.335934 0.336810 0.006023 0.007766
0 0.410168 0.259349 0.007008 0.010609
0 0.394324 0.261193 0.004711 0.009391
0 0.389613 0.253029 0.004711 0.012657
0 0.376898 0.278122 0.005281 0.011438
0 0.365598 0.298316 0.005273 0.010203
0 0.362770 0.284645 0.004523 0.011421
0 0.346094 0.298113 0.006219 0.013046
0 0.342043 0.286286 0.004898 0.009797
0 0.345910 0.257927 0.005461 0.013452
0 0.363613 0.266489 0.004711 0.011827
0 0.362391 0.243646 0.004141 0.011827
0 0.367762 0.240381 0.003961 0.011015
0 0.375012 0.241193 0.004898 0.009391
0 0.370961 0.231210 0.006219 0.008985
0 0.436859 0.252682 0.005547 0.012640
0 0.441676 0.237200 0.005836 0.014535
0 0.415121 0.237513 0.005836 0.010118
0 0.425336 0.228350 0.007000 0.009492
0 0.426430 0.244763 0.002813 0.006108
0 0.429383 0.240042 0.003375 0.007022
0 0.429594 0.252538 0.003797 0.007614
0 0.418801 0.137919 0.005039 0.015296
0 0.428637 0.178613 0.004539 0.011472
0 0.428762 0.211658 0.004789 0.010931
0 0.423215 0.198274 0.005805 0.008190
0 0.419684 0.188173 0.005805 0.007648
0 0.417141 0.173325 0.001969 0.009154
0 0.419391 0.171497 0.002250 0.007936
0 0.391531 0.219501 0.004219 0.008849
0 0.378723 0.227733 0.004508 0.007005
0 0.368945 0.199687 0.004359 0.009459
0 0.377598 0.216904 0.005352 0.007310
0 0.383086 0.201667 0.005344 0.009763
0 0.379711 0.188714 0.003656 0.008832
0 0.392938 0.185973 0.003938 0.008223
0 0.398285 0.215685 0.002820 0.008528
0 0.409895 0.213249 0.003242 0.009746
0 0.411934 0.227580 0.003102 0.007310
0 0.408348 0.197555 0.004930 0.010068
0 0.406234 0.182623 0.004078 0.008223
0 0.402367 0.170431 0.003375 0.008849
0 0.406938 0.157174 0.003797 0.011574
0 0.414187 0.156565 0.003094 0.008528
0 0.659172 0.371218 0.006906 0.014078
0 0.494234 0.525550 0.004422 0.012995
